2,19,23,26,35,38,49
2,17,23,26,35,38,49
2,17,19,23,26,35,49
2,17,19,26,35,38,49
2,19,23,26,34,36,49
2,17,23,26,34,36,49
2,19,26,34,36,38,49
2,17,26,34,36,38,49
2,19,23,26,34,36,38
2,17,23,26,34,36,38
2,19,23,26,36,38,49
2,17,23,26,36,38,49
2,17,19,23,26,34,36
2,17,19,26,34,36,38
2,17,19,23,26,36,49
2,17,19,26,36,38,49
2,19,23,26,34,38,49
2,17,23,26,34,38,49
19,23,26,34,36,38,49
17,23,26,34,36,38,49
2,17,19,23,26,34,49
2,17,19,26,34,38,49
17,19,23,26,34,36,49
17,19,26,34,36,38,49
2,17,19,23,35,38,49
2,17,19,23,26,34,38
2,17,19,23,26,38,49
17,19,23,26,34,36,38
17,19,23,26,36,38,49
9,24,29,31,34,37,42
9,20,29,31,34,37,42
9,22,24,29,31,37,42
9,20,22,29,31,37,42
9,24,29,31,34,37,45
9,20,29,31,34,37,45
9,22,24,29,31,37,45
9,20,22,29,31,37,45
9,24,29,34,37,42,45
9,20,29,34,37,42,45
9,22,24,29,37,42,45
9,20,22,29,37,42,45
24,29,31,34,37,42,45
20,29,31,34,37,42,45
22,24,29,31,37,42,45
20,22,29,31,37,42,45
9,22,24,29,34,37,42
9,20,22,29,34,37,42
9,22,24,29,34,37,45
9,20,22,29,34,37,45
22,24,29,31,34,37,42
20,22,29,31,34,37,42
22,24,29,31,34,37,45
20,22,29,31,34,37,45
9,20,24,29,34,37,42
9,20,22,24,29,37,42
9,20,24,29,34,37,45
9,20,22,24,29,37,45
20,24,29,31,34,37,42
20,22,24,29,31,37,42
20,24,29,31,34,37,45
20,22,24,29,31,37,45
9,24,31,34,37,42,45
9,20,31,34,37,42,45
9,22,24,31,37,42,45
9,20,22,31,37,42,45
9,24,29,31,34,42,45
9,20,29,31,34,42,45
9,22,24,29,31,42,45
9,20,22,29,31,42,45
9,22,24,31,34,37,42
9,20,22,31,34,37,42
9,22,24,31,34,37,45
9,20,22,31,34,37,45
9,22,24,29,31,34,42
9,20,22,29,31,34,42
9,22,24,29,31,34,45
9,20,22,29,31,34,45
9,20,24,31,34,37,42
9,20,22,24,31,37,42
9,20,24,31,34,37,45